[Big2Small]
StepCount=1
NewTween=1
Type=Tween
OffsetX=0.500000
OffsetY=0.500000
TweenType=Once
TotalTime=400

[Big2Small_Step1]
Name=Big2Small_Step1
PosFromX=0
TotalTime=300
PosFromY=0
PosToX=0
PosToY=0
PosTime=1000
PosDelayTime=0
ScaleFromX=1.700000
ScaleFromY=1.700000
ScaleToX=1.000000
ScaleToY=1.000000
ScaleTime=300
ScaleDelayTime=0
AlphaFrom=0
AlphaTo=0
AlphaTime=1000
AlphaDelayTime=0
RotateFrom=0
RotateTo=0
RotateTime=1000
RotateDelayTime=0
DistanceX=0
DistanceY=0
DistanceTime=1000
DistanceDelayTime=0
SizeFromW=0.000000
SizeFromH=0.000000
SizeToW=0.000000
SizeToH=0.000000
SizeTime=1000
SizeDelayTime=0
ScaleEnable=1
ScaleCurve=0.00,0.00,0.00,0.00,0.00,0.00,0.00,0.00,0.00,0.00,0.00,0.00,0.00,0.00,0.00,0.01,0.01,0.01,0.02,0.02,0.03,0.03,0.04,0.06,0.07,0.09,0.13,0.20,0.29,0.41,0.55,0.70,0.82,0.90,0.96,1.00

