[
  {
    "mesh": "sd_崖壁狱门fb_001_hd.glb",
    "matrix": [
      -0.47248101234436035,
      0,
      -0.9015910029411316,
      0,
      0,
      1.5828410387039185,
      0,
      0,
      0.7759680151939392,
      0,
      -0.40664899349212646,
      0,
      34622.62890625,
      553.791015625,
      135682.59375,
      1
    ],
    "worldPos": {
      "x": 34622.62890625,
      "y": 553.791015625,
      "z": -135682.59375
    }
  },
  {
    "mesh": "sd_崖壁狱门fb_001_hd.glb",
    "matrix": [
      0.11514300107955933,
      0.06949300318956375,
      -1.2767059803009033,
      0,
      -0.03373200073838234,
      1.6005229949951172,
      0.0840810015797615,
      0,
      1.140089988708496,
      0.018570000305771828,
      0.10383199900388718,
      0,
      35706.6953125,
      -1933.457763671875,
      120793.0546875,
      1
    ],
    "worldPos": {
      "x": 35706.6953125,
      "y": -1933.457763671875,
      "z": -120793.0546875
    }
  },
  {
    "mesh": "sd_崖壁狱门fb_001_hd.glb",
    "matrix": [
      -0.6353530287742615,
      -0.09683100134134293,
      1.111279010772705,
      0,
      0.19604399800300598,
      1.5714670419692993,
      0.24901500344276428,
      0,
      -0.9914969801902771,
      0.21060900390148163,
      -0.5485180020332336,
      0,
      34279.96484375,
      -4079.720947265625,
      127788.234375,
      1
    ],
    "worldPos": {
      "x": 34279.96484375,
      "y": -4079.720947265625,
      "z": -127788.234375
    }
  },
  {
    "mesh": "sd_崖壁狱门fb_001_hd.glb",
    "matrix": [
      0.11515899747610092,
      -0.09683100134134293,
      1.274893045425415,
      0,
      0.3032900094985962,
      1.5714670419692993,
      0.09196099638938904,
      0,
      -1.1269700527191162,
      0.21060900390148163,
      0.11779399961233139,
      0,
      34365.18359375,
      79.08935546875,
      128649.7578125,
      1
    ],
    "worldPos": {
      "x": 34365.18359375,
      "y": 79.08935546875,
      "z": -128649.7578125
    }
  },
  {
    "mesh": "sd_崖壁狱门fb_001_hd.glb",
    "matrix": [
      0.1346530020236969,
      -0.05243999883532524,
      1.275581955909729,
      0,
      0.029897000640630722,
      1.6016019582748413,
      0.06268700212240219,
      0,
      -1.1459569931030273,
      0.01662999950349331,
      0.12165399640798569,
      0,
      37841.8671875,
      -1050.85400390625,
      127069.9140625,
      1
    ],
    "worldPos": {
      "x": 37841.8671875,
      "y": -1050.85400390625,
      "z": -127069.9140625
    }
  },
  {
    "mesh": "xwj_破军物件001_004_hd.glb",
    "matrix": [
      0.8649590015411377,
      -0.07545500248670578,
      -0.4961340129375458,
      0,
      0.03203200176358223,
      0.9949160218238831,
      -0.09546700119972229,
      0,
      0.5008159875869751,
      0.06668300181627274,
      0.8629800081253052,
      0,
      16725.734375,
      329.88916015625,
      132004.890625,
      1
    ],
    "worldPos": {
      "x": 16725.734375,
      "y": 329.88916015625,
      "z": -132004.890625
    }
  },
  {
    "mesh": "jz_xb楼兰哨台001_004_hd.glb",
    "matrix": [
      -0.28470200300216675,
      0,
      1.0625180006027222,
      0,
      0,
      1.100000023841858,
      0,
      0,
      -1.0625180006027222,
      0,
      -0.28470200300216675,
      0,
      25905.96875,
      -87.61328125,
      118303.8359375,
      1
    ],
    "worldPos": {
      "x": 25905.96875,
      "y": -87.61328125,
      "z": -118303.8359375
    }
  },
  {
    "mesh": "jz_xb楼兰哨台001_004_hd.glb",
    "matrix": [
      -0.4645969867706299,
      0.4264979958534241,
      0.5082799792289734,
      0,
      0,
      0.6204959750175476,
      -0.520658016204834,
      0,
      -0.6635130047798157,
      -0.2986370027065277,
      -0.3559019863605499,
      0,
      8633.78125,
      -666.447265625,
      121579.7109375,
      1
    ],
    "worldPos": {
      "x": 8633.78125,
      "y": -666.447265625,
      "z": -121579.7109375
    }
  },
  {
    "mesh": "st_xb龙门荒漠石001_004_hd.glb",
    "matrix": [
      -0.3747139871120453,
      0,
      -1.4153369665145874,
      0,
      0,
      1.4641000032424927,
      0,
      0,
      1.4153369665145874,
      0,
      -0.3747139871120453,
      0,
      35807.984375,
      -276.201171875,
      114133.1796875,
      1
    ],
    "worldPos": {
      "x": 35807.984375,
      "y": -276.201171875,
      "z": -114133.1796875
    }
  },
  {
    "mesh": "jz_xb楼兰哨台001_007_hd.glb",
    "matrix": [
      0.42069199681282043,
      0.05792199820280075,
      -0.07046200335025787,
      0,
      -0.0571260005235672,
      0.4265519976615906,
      0.009566999971866608,
      0,
      0.07110899686813354,
      9.999999974752427e-7,
      0.4245530068874359,
      0,
      42399.8671875,
      926.01611328125,
      123381.296875,
      1
    ],
    "worldPos": {
      "x": 42399.8671875,
      "y": 926.01611328125,
      "z": -123381.296875
    }
  },
  {
    "mesh": "jz_xb楼兰哨台001_007_hd.glb",
    "matrix": [
      0.09646300226449966,
      -0.0027169999666512012,
      0.11495999991893768,
      0,
      0.0017460000235587358,
      0.15006999671459198,
      0.0020810000132769346,
      0,
      -0.11497899889945984,
      0,
      0.09647800028324127,
      0,
      15462.2890625,
      209.044921875,
      129020.046875,
      1
    ],
    "worldPos": {
      "x": 15462.2890625,
      "y": 209.044921875,
      "z": -129020.046875
    }
  },
  {
    "mesh": "jz_xb楼兰哨台001_007_hd.glb",
    "matrix": [
      0.06328900158405304,
      -0.001782999956049025,
      0.07542499899864197,
      0,
      0.001145999995060265,
      0.09845999628305435,
      0.0013650000328198075,
      0,
      -0.07543700188398361,
      0,
      0.06329900026321411,
      0,
      14938.171875,
      228.59130859375,
      129980.0078125,
      1
    ],
    "worldPos": {
      "x": 14938.171875,
      "y": 228.59130859375,
      "z": -129980.0078125
    }
  },
  {
    "mesh": "jz_xb楼兰哨台001_007_hd.glb",
    "matrix": [
      0.004203000105917454,
      0.011274999938905239,
      0.09773799777030945,
      0,
      -0.016085999086499214,
      0.09658999741077423,
      -0.010451000183820724,
      0,
      -0.09706299751996994,
      -0.015519999898970127,
      0.00596500001847744,
      0,
      15229.375,
      203.59326171875,
      129126.8671875,
      1
    ],
    "worldPos": {
      "x": 15229.375,
      "y": 203.59326171875,
      "z": -129126.8671875
    }
  },
  {
    "mesh": "jz_xb楼兰哨台001_007_hd.glb",
    "matrix": [
      0.276652991771698,
      -0.007794000208377838,
      0.3297019898891449,
      0,
      0.005009999964386225,
      0.4303959906101227,
      0.0059710000641644,
      0,
      -0.3297570049762726,
      0,
      0.2766979932785034,
      0,
      21736.234375,
      208.70556640625,
      126420.6875,
      1
    ],
    "worldPos": {
      "x": 21736.234375,
      "y": 208.70556640625,
      "z": -126420.6875
    }
  },
  {
    "mesh": "jz_xb楼兰哨台001_007_hd.glb",
    "matrix": [
      -0.010843000374734402,
      0.060662999749183655,
      0.3343369960784912,
      0,
      -0.02759700082242489,
      0.33324500918388367,
      -0.06136000156402588,
      0,
      -0.3386729955673218,
      -0.029097000136971474,
      -0.005704000126570463,
      0,
      7563.5625,
      60.55810546875,
      128336.3828125,
      1
    ],
    "worldPos": {
      "x": 7563.5625,
      "y": 60.55810546875,
      "z": -128336.3828125
    }
  },
  {
    "mesh": "jz_xb楼兰哨台001_007_hd.glb",
    "matrix": [
      0.147025004029274,
      -0.004141999874264002,
      0.17521700263023376,
      0,
      0.002662000013515353,
      0.2287299931049347,
      0.003172999946400523,
      0,
      -0.175246000289917,
      0,
      0.14704899489879608,
      0,
      25628.515625,
      232.9951171875,
      120871.46875,
      1
    ],
    "worldPos": {
      "x": 25628.515625,
      "y": 232.9951171875,
      "z": -120871.46875
    }
  },
  {
    "mesh": "jz_xb楼兰哨台001_007_hd.glb",
    "matrix": [
      0.6426820158958435,
      -0.01810700073838234,
      0.7659180164337158,
      0,
      0.011638999916613102,
      0.9998360276222229,
      0.01387100014835596,
      0,
      -0.7660449743270874,
      0,
      0.642786979675293,
      0,
      25593.75390625,
      308.11865234375,
      131755.875,
      1
    ],
    "worldPos": {
      "x": 25593.75390625,
      "y": 308.11865234375,
      "z": -131755.875
    }
  },
  {
    "mesh": "jz_xb楼兰哨台001_007_hd.glb",
    "matrix": [
      0.39581701159477234,
      0.16382400691509247,
      0.4969480037689209,
      0,
      -0.1307699978351593,
      0.6343110203742981,
      -0.1049489974975586,
      0,
      -0.5066499710083008,
      -0.03573400154709816,
      0.41532498598098755,
      0,
      39383.484375,
      461.16943359375,
      114354.15625,
      1
    ],
    "worldPos": {
      "x": 39383.484375,
      "y": 461.16943359375,
      "z": -114354.15625
    }
  },
  {
    "mesh": "cq_玉门关城墙001_008_hd.glb",
    "matrix": [
      -0.14514599740505219,
      0,
      1.090391993522644,
      0,
      0,
      1.100000023841858,
      0,
      0,
      -1.090391993522644,
      0,
      -0.14514599740505219,
      0,
      5671.1162109375,
      -692.44384765625,
      125436.046875,
      1
    ],
    "worldPos": {
      "x": 5671.1162109375,
      "y": -692.44384765625,
      "z": -125436.046875
    }
  },
  {
    "mesh": "cq_玉门关城墙001_008_hd.glb",
    "matrix": [
      0.9659249782562256,
      0,
      0.25881901383399963,
      0,
      0,
      1,
      0,
      0,
      -0.25881901383399963,
      0,
      0.9659249782562256,
      0,
      10157.9931640625,
      310.36181640625,
      131602.8125,
      1
    ],
    "worldPos": {
      "x": 10157.9931640625,
      "y": 310.36181640625,
      "z": -131602.8125
    }
  },
  {
    "mesh": "cq_玉门关城墙001_008_hd.glb",
    "matrix": [
      -0.14514599740505219,
      0,
      1.090391993522644,
      0,
      0,
      1.100000023841858,
      0,
      0,
      -1.090391993522644,
      0,
      -0.14514599740505219,
      0,
      6526.4736328125,
      -713.4921875,
      121194.0625,
      1
    ],
    "worldPos": {
      "x": 6526.4736328125,
      "y": -713.4921875,
      "z": -121194.0625
    }
  },
  {
    "mesh": "cq_玉门关城墙001_008_hd.glb",
    "matrix": [
      -0.2349880039691925,
      0,
      0.9719979763031006,
      0,
      0,
      1,
      0,
      0,
      -0.9719979763031006,
      0,
      -0.2349880039691925,
      0,
      5043.79541015625,
      210.955078125,
      128720.9765625,
      1
    ],
    "worldPos": {
      "x": 5043.79541015625,
      "y": 210.955078125,
      "z": -128720.9765625
    }
  },
  {
    "mesh": "cq_玉门关城墙001_008_hd.glb",
    "matrix": [
      0.9659249782562256,
      0,
      0.25881901383399963,
      0,
      0,
      1,
      0,
      0,
      -0.25881901383399963,
      0,
      0.9659249782562256,
      0,
      6396.3994140625,
      181.074951171875,
      130658.1171875,
      1
    ],
    "worldPos": {
      "x": 6396.3994140625,
      "y": 181.074951171875,
      "z": -130658.1171875
    }
  },
  {
    "mesh": "cq_玉门关城墙001_008_hd.glb",
    "matrix": [
      0.9659249782562256,
      0,
      0.25881901383399963,
      0,
      0,
      1,
      0,
      0,
      -0.25881901383399963,
      0,
      0.9659249782562256,
      0,
      20468.1484375,
      325.9423828125,
      134442.34375,
      1
    ],
    "worldPos": {
      "x": 20468.1484375,
      "y": 325.9423828125,
      "z": -134442.34375
    }
  },
  {
    "mesh": "cq_玉门关城墙001_008_hd.glb",
    "matrix": [
      1.0625180006027222,
      0,
      0.2847000062465668,
      0,
      0,
      1.100000023841858,
      0,
      0,
      -0.2847000062465668,
      0,
      1.0625180006027222,
      0,
      14364.703125,
      126.3271484375,
      132728.5,
      1
    ],
    "worldPos": {
      "x": 14364.703125,
      "y": 126.3271484375,
      "z": -132728.5
    }
  },
  {
    "mesh": "cq_玉门关城墙001_008_hd.glb",
    "matrix": [
      -0.14514599740505219,
      0,
      1.090391993522644,
      0,
      0,
      1.100000023841858,
      0,
      0,
      -1.090391993522644,
      0,
      -0.14514599740505219,
      0,
      7347.8125,
      -630.1259765625,
      117301.109375,
      1
    ],
    "worldPos": {
      "x": 7347.8125,
      "y": -630.1259765625,
      "z": -117301.109375
    }
  },
  {
    "mesh": "cq_玉门关城墙001_008_hd.glb",
    "matrix": [
      0.9659249782562256,
      0,
      0.25881901383399963,
      0,
      0,
      1,
      0,
      0,
      -0.25881901383399963,
      0,
      0.9659249782562256,
      0,
      26303.65625,
      439.3173828125,
      136085.578125,
      1
    ],
    "worldPos": {
      "x": 26303.65625,
      "y": 439.3173828125,
      "z": -136085.578125
    }
  },
  {
    "mesh": "jz_xb楼兰哨台001_005_hd.glb",
    "matrix": [
      0.8658819794654846,
      -0.01810700073838234,
      0.49991801381111145,
      0,
      0.01568100042641163,
      0.9998350143432617,
      0.009053000248968601,
      0,
      -0.5,
      0,
      0.8660249710083008,
      0,
      17407.7265625,
      29.92578125,
      116009.5078125,
      1
    ],
    "worldPos": {
      "x": 17407.7265625,
      "y": 29.92578125,
      "z": -116009.5078125
    }
  },
  {
    "mesh": "jz_xb楼兰哨台001_005_hd.glb",
    "matrix": [
      0.787680983543396,
      -0.01810700073838234,
      -0.615822970867157,
      0,
      0.014264999888837337,
      0.9998300075531006,
      -0.011152000166475773,
      0,
      0.6159219741821289,
      0,
      0.7878069877624512,
      0,
      28071.3671875,
      275.66845703125,
      121781.65625,
      1
    ],
    "worldPos": {
      "x": 28071.3671875,
      "y": 275.66845703125,
      "z": -121781.65625
    }
  },
  {
    "mesh": "wj_药煲_001_hd.glb",
    "matrix": [
      -0.7724310159683228,
      0.03353099897503853,
      0.6342120170593262,
      0,
      0,
      0.9986050128936768,
      -0.05279700085520744,
      0,
      -0.6350970268249512,
      -0.04078200086951256,
      -0.771353006362915,
      0,
      18907.484375,
      231.2431640625,
      121197.609375,
      1
    ],
    "worldPos": {
      "x": 18907.484375,
      "y": 231.2431640625,
      "z": -121197.609375
    }
  },
  {
    "mesh": "cq_玉门关城墙001_007_hd.glb",
    "matrix": [
      0.32217898964881897,
      0,
      -1.0195529460906982,
      0,
      0,
      1,
      0,
      0,
      0.9535250067710876,
      0,
      0.30131399631500244,
      0,
      28309.52734375,
      2988.5908203125,
      134777.671875,
      1
    ],
    "worldPos": {
      "x": 28309.52734375,
      "y": 2988.5908203125,
      "z": -134777.671875
    }
  },
  {
    "mesh": "cq_玉门关城墙001_007_hd.glb",
    "matrix": [
      0.9675229787826538,
      0,
      0.25278401374816895,
      0,
      0,
      0.9999989867210388,
      0,
      0,
      -0.25278401374816895,
      0,
      0.9675229787826538,
      0,
      32038.73828125,
      3117.587890625,
      120885.96875,
      1
    ],
    "worldPos": {
      "x": 32038.73828125,
      "y": 3117.587890625,
      "z": -120885.96875
    }
  },
  {
    "mesh": "cq_玉门关城墙001_007_hd.glb",
    "matrix": [
      0.2651279866695404,
      0,
      -0.7653800249099731,
      0,
      0,
      0.8099989891052246,
      0,
      0,
      0.7653800249099731,
      0,
      0.2651279866695404,
      0,
      4476.7158203125,
      3084.37841796875,
      130254.53125,
      1
    ],
    "worldPos": {
      "x": 4476.7158203125,
      "y": 3084.37841796875,
      "z": -130254.53125
    }
  },
  {
    "mesh": "cq_玉门关城墙001_007_hd.glb",
    "matrix": [
      0.1987999975681305,
      0,
      -0.785224974155426,
      0,
      0,
      0.8099989891052246,
      0,
      0,
      0.785224974155426,
      0,
      0.1987999975681305,
      0,
      5483.6875,
      2602.8251953125,
      125417.0078125,
      1
    ],
    "worldPos": {
      "x": 5483.6875,
      "y": 2602.8251953125,
      "z": -125417.0078125
    }
  },
  {
    "mesh": "cq_玉门关城墙001_007_hd.glb",
    "matrix": [
      0.7823989987373352,
      0,
      0.20964300632476807,
      0,
      0,
      0.8099989891052246,
      0,
      0,
      -0.20964300632476807,
      0,
      0.7823989987373352,
      0,
      14266,
      3441.328125,
      132888.546875,
      1
    ],
    "worldPos": {
      "x": 14266,
      "y": 3441.328125,
      "z": -132888.546875
    }
  },
  {
    "mesh": "cq_玉门关城墙001_003_hd.glb",
    "matrix": [
      -0.20027799904346466,
      0.06777700036764145,
      1.0534019470214844,
      0,
      -0.00368200009688735,
      0.9978799819946289,
      -0.06490500271320343,
      0,
      -0.982466995716095,
      -0.01570899970829487,
      -0.18578100204467773,
      0,
      7739.890625,
      -923.67529296875,
      115253.9296875,
      1
    ],
    "worldPos": {
      "x": 7739.890625,
      "y": -923.67529296875,
      "z": -115253.9296875
    }
  },
  {
    "mesh": "cq_玉门关城墙001_003_hd.glb",
    "matrix": [
      -0.24163900315761566,
      0,
      0.9703660011291504,
      0,
      0,
      1,
      0,
      0,
      -0.9703660011291504,
      0,
      -0.24163900315761566,
      0,
      6817.984375,
      -730.4599609375,
      119473.1796875,
      1
    ],
    "worldPos": {
      "x": 6817.984375,
      "y": -730.4599609375,
      "z": -119473.1796875
    }
  },
  {
    "mesh": "cq_玉门关城墙001_003_hd.glb",
    "matrix": [
      -0.24163900315761566,
      0,
      0.9703660011291504,
      0,
      0,
      1,
      0,
      0,
      -0.9703660011291504,
      0,
      -0.24163900315761566,
      0,
      6817.984375,
      -813.2880859375,
      119473.1796875,
      1
    ],
    "worldPos": {
      "x": 6817.984375,
      "y": -813.2880859375,
      "z": -119473.1796875
    }
  },
  {
    "mesh": "cq_玉门关城墙001_003_hd.glb",
    "matrix": [
      0.8390030264854431,
      0,
      0.2098889946937561,
      0,
      0,
      1,
      0,
      0,
      -0.24268700182437897,
      0,
      0.9701020121574402,
      0,
      8277.2158203125,
      141.367919921875,
      131165.21875,
      1
    ],
    "worldPos": {
      "x": 8277.2158203125,
      "y": 141.367919921875,
      "z": -131165.21875
    }
  },
  {
    "mesh": "cq_玉门关城墙001_003_hd.glb",
    "matrix": [
      -0.24163900315761566,
      0,
      0.9703660011291504,
      0,
      0,
      1,
      0,
      0,
      -0.9703660011291504,
      0,
      -0.24163900315761566,
      0,
      6031.7578125,
      -651.0693359375,
      123330.7265625,
      1
    ],
    "worldPos": {
      "x": 6031.7578125,
      "y": -651.0693359375,
      "z": -123330.7265625
    }
  },
  {
    "mesh": "cq_玉门关城墙001_003_hd.glb",
    "matrix": [
      -0.24163900315761566,
      0,
      0.9703660011291504,
      0,
      0,
      1,
      0,
      0,
      -0.9703660011291504,
      0,
      -0.24163900315761566,
      0,
      5255.109375,
      -508.9677734375,
      127551.671875,
      1
    ],
    "worldPos": {
      "x": 5255.109375,
      "y": -508.9677734375,
      "z": -127551.671875
    }
  },
  {
    "mesh": "cq_玉门关城墙001_003_hd.glb",
    "matrix": [
      0.9659249782562256,
      0,
      0.25881901383399963,
      0,
      0,
      1,
      0,
      0,
      -0.25881901383399963,
      0,
      0.9659249782562256,
      0,
      12270.7099609375,
      216.1784210205078,
      132192.75,
      1
    ],
    "worldPos": {
      "x": 12270.7099609375,
      "y": 216.1784210205078,
      "z": -132192.75
    }
  },
  {
    "mesh": "st_mj石头002_003_hd.glb",
    "matrix": [
      -0.6554700136184692,
      0.010456999763846397,
      0.3188839852809906,
      0,
      0.010420000180602074,
      0.7289239764213562,
      -0.002483000047504902,
      0,
      -0.2681649923324585,
      0.0019680000841617584,
      -0.5473530292510986,
      0,
      43944.51171875,
      1022.2822265625,
      146328.890625,
      1
    ],
    "worldPos": {
      "x": 43944.51171875,
      "y": 1022.2822265625,
      "z": -146328.890625
    }
  },
  {
    "mesh": "wj_木桌005_002_hd.glb",
    "matrix": [
      0.8801550269126892,
      0.005140999797731638,
      0.47465699911117554,
      0,
      -0.012179999612271786,
      0.9998559951782227,
      0.011756000109016895,
      0,
      -0.4745280146598816,
      -0.016127999871969223,
      0.8800920248031616,
      0,
      15556.6875,
      536.98681640625,
      118923.4296875,
      1
    ],
    "worldPos": {
      "x": 15556.6875,
      "y": 536.98681640625,
      "z": -118923.4296875
    }
  },
  {
    "mesh": "wj_木桌005_002_hd.glb",
    "matrix": [
      0.8801869750022888,
      0,
      0.47462698817253113,
      0,
      0,
      1,
      0,
      0,
      -0.47462698817253113,
      0,
      0.8801869750022888,
      0,
      16443.9765625,
      485.10302734375,
      119503.40625,
      1
    ],
    "worldPos": {
      "x": 16443.9765625,
      "y": 485.10302734375,
      "z": -119503.40625
    }
  },
  {
    "mesh": "wj_木桌005_002_hd.glb",
    "matrix": [
      0.8412430286407471,
      0.018794000148773193,
      -0.5403289794921875,
      0,
      0,
      0.9993950128555298,
      0.03476100042462349,
      0,
      0.5406559705734253,
      -0.029242999851703644,
      0.8407340049743652,
      0,
      16434.2109375,
      446.96240234375,
      120306.078125,
      1
    ],
    "worldPos": {
      "x": 16434.2109375,
      "y": 446.96240234375,
      "z": -120306.078125
    }
  },
  {
    "mesh": "xwj_破军物件001_003_hd.glb",
    "matrix": [
      0.9624729752540588,
      -0.09237299859523773,
      -0.25516700744628906,
      0,
      0.06392599642276764,
      0.9909980297088623,
      -0.11762700229883194,
      0,
      0.26373499631881714,
      0.09690099954605103,
      0.9597139954566956,
      0,
      17423.9921875,
      285.779296875,
      131572.609375,
      1
    ],
    "worldPos": {
      "x": 17423.9921875,
      "y": 285.779296875,
      "z": -131572.609375
    }
  },
  {
    "mesh": "wj_沙包009_01_hd.glb",
    "matrix": [
      -0.4127950072288513,
      0,
      -0.9108229875564575,
      0,
      0,
      1,
      0,
      0,
      0.9108229875564575,
      0,
      -0.4127950072288513,
      0,
      14388.5078125,
      564.55322265625,
      118272.3359375,
      1
    ],
    "worldPos": {
      "x": 14388.5078125,
      "y": 564.55322265625,
      "z": -118272.3359375
    }
  },
  {
    "mesh": "wj_沙包009_01_hd.glb",
    "matrix": [
      -0.587103009223938,
      0.22359800338745117,
      0.7780179977416992,
      0,
      0.11639899760484695,
      0.9744259715080261,
      -0.1922069936990738,
      0,
      -0.8010990023612976,
      -0.022283999249339104,
      -0.5981159806251526,
      0,
      14705.375,
      622.7783203125,
      118024.8515625,
      1
    ],
    "worldPos": {
      "x": 14705.375,
      "y": 622.7783203125,
      "z": -118024.8515625
    }
  },
  {
    "mesh": "pj_玉门草棚001_hd.glb",
    "matrix": [
      -0.9674050211906433,
      0.006744000129401684,
      -0.25314098596572876,
      0,
      0.0249170009046793,
      0.9973289966583252,
      -0.0686509981751442,
      0,
      0.2520020008087158,
      -0.07272099703550339,
      -0.9649900197982788,
      0,
      18578.3984375,
      248.166015625,
      121364.2578125,
      1
    ],
    "worldPos": {
      "x": 18578.3984375,
      "y": 248.166015625,
      "z": -121364.2578125
    }
  },
  {
    "mesh": "pj_玉门草棚001_hd.glb",
    "matrix": [
      0.12616300582885742,
      0.0008440000237897038,
      -0.9920079708099365,
      0,
      0.06713700294494629,
      0.9976990222930908,
      0.009387999773025513,
      0,
      0.9897339940071106,
      -0.06778500229120255,
      0.1258160024881363,
      0,
      8267.359375,
      3043.0009765625,
      135268.34375,
      1
    ],
    "worldPos": {
      "x": 8267.359375,
      "y": 3043.0009765625,
      "z": -135268.34375
    }
  },
  {
    "mesh": "xwj_xb楼兰墓地001_005_hd.glb",
    "matrix": [
      1,
      0,
      0,
      0,
      0,
      1,
      0,
      0,
      0,
      0,
      1,
      0,
      11723.5625,
      781.29541015625,
      118326.984375,
      1
    ],
    "worldPos": {
      "x": 11723.5625,
      "y": 781.29541015625,
      "z": -118326.984375
    }
  },
  {
    "mesh": "xwj_xb楼兰墓地001_005_hd.glb",
    "matrix": [
      0.43276000022888184,
      -0.025971999391913414,
      -0.9011340141296387,
      0,
      0.05621499940752983,
      0.9984170198440552,
      -0.0017790000420063734,
      0,
      0.899753987789154,
      -0.049887001514434814,
      0.43353500962257385,
      0,
      12039.046875,
      748.50439453125,
      118510.53125,
      1
    ],
    "worldPos": {
      "x": 12039.046875,
      "y": 748.50439453125,
      "z": -118510.53125
    }
  },
  {
    "mesh": "wj_壁挂灯笼001_hd.glb",
    "matrix": [
      -0.2531459927558899,
      0,
      0.9674270153045654,
      0,
      0,
      0.9999989867210388,
      0,
      0,
      -0.9674270153045654,
      0,
      -0.2531459927558899,
      0,
      25044.9453125,
      427.818359375,
      121589.8125,
      1
    ],
    "worldPos": {
      "x": 25044.9453125,
      "y": 427.818359375,
      "z": -121589.8125
    }
  },
  {
    "mesh": "wj_壁挂灯笼001_hd.glb",
    "matrix": [
      -0.2531459927558899,
      0,
      0.9674270153045654,
      0,
      0,
      0.9999989867210388,
      0,
      0,
      -0.9674270153045654,
      0,
      -0.2531459927558899,
      0,
      24844.7421875,
      427.818359375,
      122354.9140625,
      1
    ],
    "worldPos": {
      "x": 24844.7421875,
      "y": 427.818359375,
      "z": -122354.9140625
    }
  },
  {
    "mesh": "wj_壁挂灯笼001_hd.glb",
    "matrix": [
      0.2531459927558899,
      0,
      -0.9674270153045654,
      0,
      0,
      0.9999989867210388,
      0,
      0,
      0.9674270153045654,
      0,
      0.2531459927558899,
      0,
      26066.0703125,
      614.07958984375,
      122035.828125,
      1
    ],
    "worldPos": {
      "x": 26066.0703125,
      "y": 614.07958984375,
      "z": -122035.828125
    }
  },
  {
    "mesh": "wj_壁挂灯笼001_hd.glb",
    "matrix": [
      0.2531459927558899,
      0,
      -0.9674270153045654,
      0,
      0,
      0.9999989867210388,
      0,
      0,
      0.9674270153045654,
      0,
      0.2531459927558899,
      0,
      25941.8984375,
      614.07958984375,
      122510.3515625,
      1
    ],
    "worldPos": {
      "x": 25941.8984375,
      "y": 614.07958984375,
      "z": -122510.3515625
    }
  },
  {
    "mesh": "wj_竹帘棚001_hd.glb",
    "matrix": [
      0.7889429926872253,
      -0.0048870001919567585,
      0.18342000246047974,
      0,
      0.005880000069737434,
      0.8448050022125244,
      -0.0027830000035464764,
      0,
      -0.1833990067243576,
      0.0038759999442845583,
      0.7889540195465088,
      0,
      18643.03125,
      244.67333984375,
      121158.2265625,
      1
    ],
    "worldPos": {
      "x": 18643.03125,
      "y": 244.67333984375,
      "z": -121158.2265625
    }
  },
  {
    "mesh": "wj_mj篝火001_002_hd.glb",
    "matrix": [
      0.999019980430603,
      0.044211000204086304,
      0.001858999952673912,
      0,
      -0.0442500002682209,
      0.9981369972229004,
      0.04198800027370453,
      0,
      0,
      -0.0420290008187294,
      0.9991160035133362,
      0,
      38366.328125,
      343.8232421875,
      111467.671875,
      1
    ],
    "worldPos": {
      "x": 38366.328125,
      "y": 343.8232421875,
      "z": -111467.671875
    }
  },
  {
    "mesh": "wj_mj篝火001_003_hd.glb",
    "matrix": [
      1.7464690208435059,
      -0.08559799939393997,
      -2.8326380252838135,
      0,
      0.2554430067539215,
      3.318556070327759,
      0.057211000472307205,
      0,
      2.8223979473114014,
      -0.24738000333309174,
      1.7476270198822021,
      0,
      18572.9375,
      1519.69921875,
      142696.21875,
      1
    ],
    "worldPos": {
      "x": 18572.9375,
      "y": 1519.69921875,
      "z": -142696.21875
    }
  },
  {
    "mesh": "wj_mj篝火001_003_hd.glb",
    "matrix": [
      1.1465280055999756,
      0.03233800083398819,
      -1.858652949333191,
      0,
      0.009592999704182148,
      2.183612108230591,
      0.04390899837017059,
      0,
      1.8589110374450684,
      -0.031213000416755676,
      1.1461410522460938,
      0,
      19330.6328125,
      1512.103515625,
      143430.03125,
      1
    ],
    "worldPos": {
      "x": 19330.6328125,
      "y": 1512.103515625,
      "z": -143430.03125
    }
  },
  {
    "mesh": "wj_mj篝火001_003_hd.glb",
    "matrix": [
      1.5552589893341064,
      -0.2063470035791397,
      2.5547070503234863,
      0,
      0.29622501134872437,
      2.9827001094818115,
      0.06058000028133392,
      0,
      -2.5458478927612305,
      0.22099800407886505,
      1.5677119493484497,
      0,
      18572.7421875,
      1534.9638671875,
      143371.28125,
      1
    ],
    "worldPos": {
      "x": 18572.7421875,
      "y": 1534.9638671875,
      "z": -143371.28125
    }
  },
  {
    "mesh": "wj_mj篝火001_003_hd.glb",
    "matrix": [
      -3.0521199703216553,
      0.052678000181913376,
      -1.3012499809265137,
      0,
      0.09929999709129333,
      3.3153951168060303,
      -0.09869299829006195,
      0,
      1.298524022102356,
      -0.1297129988670349,
      -3.0509660243988037,
      0,
      19004.125,
      1517.49267578125,
      142621.078125,
      1
    ],
    "worldPos": {
      "x": 19004.125,
      "y": 1517.49267578125,
      "z": -142621.078125
    }
  },
  {
    "mesh": "wj_mj篝火001_003_hd.glb",
    "matrix": [
      1.5727390050888062,
      -0.1813639998435974,
      -2.54351806640625,
      0,
      0.013158000074326992,
      2.9889309406280518,
      -0.2049880027770996,
      0,
      2.5499560832977295,
      0.09643600136041641,
      1.5698339939117432,
      0,
      18429.765625,
      1548.2236328125,
      143017.703125,
      1
    ],
    "worldPos": {
      "x": 18429.765625,
      "y": 1548.2236328125,
      "z": -143017.703125
    }
  },
  {
    "mesh": "wj_mj篝火001_003_hd.glb",
    "matrix": [
      -1.1042040586471558,
      -0.04466399922966957,
      -2.4505600929260254,
      0,
      0.0027570000384002924,
      2.687747001647949,
      -0.0502300001680851,
      0,
      2.4509670734405518,
      -0.023144999518990517,
      -1.1039609909057617,
      0,
      19399.828125,
      1525.1982421875,
      142822.359375,
      1
    ],
    "worldPos": {
      "x": 19399.828125,
      "y": 1525.1982421875,
      "z": -142822.359375
    }
  },
  {
    "mesh": "wj_mj篝火001_003_hd.glb",
    "matrix": [
      1.9056349992752075,
      -0.1519950032234192,
      -0.008452000096440315,
      0,
      0.1519400030374527,
      1.90562105178833,
      -0.012009000405669212,
      0,
      0.009379999712109566,
      0.011301999911665916,
      1.9116499423980713,
      0,
      18806.2890625,
      1543.064453125,
      143519.890625,
      1
    ],
    "worldPos": {
      "x": 18806.2890625,
      "y": 1543.064453125,
      "z": -143519.890625
    }
  },
  {
    "mesh": "st_mj石头002_002_hd.glb",
    "matrix": [
      0.4929949939250946,
      -0.02001200057566166,
      -0.34490299224853516,
      0,
      0.011792000383138657,
      0.6016129851341248,
      -0.018052000552415848,
      0,
      0.3452819883823395,
      0.008027000352740288,
      0.4930709898471832,
      0,
      26429.2265625,
      434.095703125,
      109893.484375,
      1
    ],
    "worldPos": {
      "x": 26429.2265625,
      "y": 434.095703125,
      "z": -109893.484375
    }
  },
  {
    "mesh": "xwj_赌桌002_002_hd.glb",
    "matrix": [
      0.2531459927558899,
      0,
      -0.9674270153045654,
      0,
      0,
      0.9999989867210388,
      0,
      0,
      0.9674270153045654,
      0,
      0.2531459927558899,
      0,
      25573.19140625,
      245.8994140625,
      123080.328125,
      1
    ],
    "worldPos": {
      "x": 25573.19140625,
      "y": 245.8994140625,
      "z": -123080.328125
    }
  },
  {
    "mesh": "xwj_赌桌002_002_hd.glb",
    "matrix": [
      0.2531459927558899,
      0,
      -0.9674270153045654,
      0,
      0,
      0.9999989867210388,
      0,
      0,
      0.9674270153045654,
      0,
      0.2531459927558899,
      0,
      25791.828125,
      245.8994140625,
      122244.7890625,
      1
    ],
    "worldPos": {
      "x": 25791.828125,
      "y": 245.8994140625,
      "z": -122244.7890625
    }
  },
  {
    "mesh": "xwj_赌桌002_002_hd.glb",
    "matrix": [
      0.2531459927558899,
      0,
      -0.9674270153045654,
      0,
      0,
      0.9999989867210388,
      0,
      0,
      0.9674270153045654,
      0,
      0.2531459927558899,
      0,
      25105.2734375,
      245.9013671875,
      122037.59375,
      1
    ],
    "worldPos": {
      "x": 25105.2734375,
      "y": 245.9013671875,
      "z": -122037.59375
    }
  },
  {
    "mesh": "st_xb龙门荒漠石001_012_hd.glb",
    "matrix": [
      -0.9534369707107544,
      0.07167699933052063,
      -0.29295000433921814,
      0,
      0.0581820011138916,
      0.996815025806427,
      0.05453599989414215,
      0,
      0.2959260046482086,
      0.03495199978351593,
      -0.954571008682251,
      0,
      24712.296875,
      414.6474609375,
      106305.4921875,
      1
    ],
    "worldPos": {
      "x": 24712.296875,
      "y": 414.6474609375,
      "z": -106305.4921875
    }
  },
  {
    "mesh": "st_xb龙门荒漠石001_012_hd.glb",
    "matrix": [
      1.4609049558639526,
      0.29691600799560547,
      1.3112560510635376,
      0,
      -0.041808001697063446,
      1.3737759590148926,
      -0.2644929885864258,
      0,
      -1.4388400316238403,
      0.25377899408340454,
      1.5455689430236816,
      0,
      12210.484375,
      346.05615234375,
      110026.203125,
      1
    ],
    "worldPos": {
      "x": 12210.484375,
      "y": 346.05615234375,
      "z": -110026.203125
    }
  },
  {
    "mesh": "jz_xb玉门关建筑002_006_hd.glb",
    "matrix": [
      0.25881901383399963,
      0,
      -0.9659249782562256,
      0,
      0,
      1,
      0,
      0,
      0.9659249782562256,
      0,
      0.25881901383399963,
      0,
      24615.390625,
      227.3798828125,
      124296.6484375,
      1
    ],
    "worldPos": {
      "x": 24615.390625,
      "y": 227.3798828125,
      "z": -124296.6484375
    }
  },
  {
    "mesh": "jz_xb玉门关建筑002_003_hd.glb",
    "matrix": [
      0.9659249782562256,
      0,
      0.25881901383399963,
      0,
      0,
      1,
      0,
      0,
      -0.25881901383399963,
      0,
      0.9659249782562256,
      0,
      15916.3828125,
      219.7650146484375,
      127614.9140625,
      1
    ],
    "worldPos": {
      "x": 15916.3828125,
      "y": 219.7650146484375,
      "z": -127614.9140625
    }
  },
  {
    "mesh": "jz_xb玉门关建筑002_003_hd.glb",
    "matrix": [
      0.9659249782562256,
      0,
      0.25881901383399963,
      0,
      0,
      1,
      0,
      0,
      -0.25881901383399963,
      0,
      0.9659249782562256,
      0,
      17116.3828125,
      219.7650146484375,
      122625.7421875,
      1
    ],
    "worldPos": {
      "x": 17116.3828125,
      "y": 219.7650146484375,
      "z": -122625.7421875
    }
  },
  {
    "mesh": "cq_玉门关城墙001_001_hd.glb",
    "matrix": [
      0.9659249782562256,
      0,
      0.25881901383399963,
      0,
      0,
      1,
      0,
      0,
      -0.25881901383399963,
      0,
      0.9659249782562256,
      0,
      17456.328125,
      271.46630859375,
      133636.65625,
      1
    ],
    "worldPos": {
      "x": 17456.328125,
      "y": 271.46630859375,
      "z": -133636.65625
    }
  },
  {
    "mesh": "wj_木箱堆002_hd.glb",
    "matrix": [
      0.8644940257072449,
      0,
      0.5026460289955139,
      0,
      0,
      1.3721959590911865,
      0,
      0,
      -0.5026460289955139,
      0,
      0.8644940257072449,
      0,
      24797.6953125,
      339.587890625,
      123173.9375,
      1
    ],
    "worldPos": {
      "x": 24797.6953125,
      "y": 339.587890625,
      "z": -123173.9375
    }
  },
  {
    "mesh": "wj_erg笔架002_hd.glb",
    "matrix": [
      0.7836160063743591,
      0,
      0.20504799485206604,
      0,
      0,
      0.8099989891052246,
      0,
      0,
      -0.20504799485206604,
      0,
      0.7836160063743591,
      0,
      24879.6796875,
      307.634765625,
      122579.765625,
      1
    ],
    "worldPos": {
      "x": 24879.6796875,
      "y": 307.634765625,
      "z": -122579.765625
    }
  },
  {
    "mesh": "pj_玉门布棚001_hd.glb",
    "matrix": [
      0.9772099852561951,
      -0.011505000293254852,
      0.2119619995355606,
      0,
      0,
      0.9985290169715881,
      0.05420200154185295,
      0,
      -0.2122740000486374,
      -0.052967000752687454,
      0.9757739901542664,
      0,
      16726.25,
      283.462890625,
      128474.65625,
      1
    ],
    "worldPos": {
      "x": 16726.25,
      "y": 283.462890625,
      "z": -128474.65625
    }
  },
  {
    "mesh": "pj_玉门布棚001_hd.glb",
    "matrix": [
      1.2856470346450806,
      0,
      0.3444879949092865,
      0,
      0,
      1.3309999704360962,
      0,
      0,
      -0.3444879949092865,
      0,
      1.2856470346450806,
      0,
      13344.6796875,
      205.3720703125,
      126764.671875,
      1
    ],
    "worldPos": {
      "x": 13344.6796875,
      "y": 205.3720703125,
      "z": -126764.671875
    }
  },
  {
    "mesh": "pj_玉门布棚001_hd.glb",
    "matrix": [
      0.9772099852561951,
      -0.011505000293254852,
      0.2119619995355606,
      0,
      0,
      0.9985290169715881,
      0.05420200154185295,
      0,
      -0.2122740000486374,
      -0.052967000752687454,
      0.9757739901542664,
      0,
      17326.25,
      283.462890625,
      128474.65625,
      1
    ],
    "worldPos": {
      "x": 17326.25,
      "y": 283.462890625,
      "z": -128474.65625
    }
  },
  {
    "mesh": "pj_玉门布棚001_hd.glb",
    "matrix": [
      0.9772099852561951,
      -0.011505000293254852,
      0.2119619995355606,
      0,
      0,
      0.9985290169715881,
      0.05420200154185295,
      0,
      -0.2122740000486374,
      -0.052967000752687454,
      0.9757739901542664,
      0,
      17926.25,
      283.462890625,
      127274.65625,
      1
    ],
    "worldPos": {
      "x": 17926.25,
      "y": 283.462890625,
      "z": -127274.65625
    }
  },
  {
    "mesh": "jz_xb楼兰哨台001_001_hd.glb",
    "matrix": [
      0.20246799290180206,
      0,
      -0.9792879819869995,
      0,
      0,
      1,
      0,
      0,
      0.9792879819869995,
      0,
      0.20246799290180206,
      0,
      22693.80859375,
      75.54345703125,
      117464.90625,
      1
    ],
    "worldPos": {
      "x": 22693.80859375,
      "y": 75.54345703125,
      "z": -117464.90625
    }
  },
  {
    "mesh": "jz_xb楼兰哨台001_001_hd.glb",
    "matrix": [
      -0.2588199973106384,
      0,
      0.9659259915351868,
      0,
      0,
      1,
      0,
      0,
      -0.9659259915351868,
      0,
      -0.2588199973106384,
      0,
      29217.4453125,
      77.2578125,
      119275.21875,
      1
    ],
    "worldPos": {
      "x": 29217.4453125,
      "y": 77.2578125,
      "z": -119275.21875
    }
  },
  {
    "mesh": "xwj_xb楼兰墓地001_004_hd.glb",
    "matrix": [
      0.42261698842048645,
      -0.2345689982175827,
      0.8754259943962097,
      0,
      0,
      0.9659249782562256,
      0.25881901383399963,
      0,
      -0.9063069820404053,
      -0.10938099771738052,
      0.40821701288223267,
      0,
      8614.5078125,
      228.5400390625,
      119494.4140625,
      1
    ],
    "worldPos": {
      "x": 8614.5078125,
      "y": 228.5400390625,
      "z": -119494.4140625
    }
  },
  {
    "mesh": "xwj_xb楼兰墓地001_004_hd.glb",
    "matrix": [
      0.8981289863586426,
      0.4280740022659302,
      -0.10057300329208374,
      0,
      -0.3754209876060486,
      0.8655440211296082,
