[
  {
    "mesh": "sd_崖壁狱门fb_001_hd.glb",
    "matrix": [
      -0.472481,
      0,
      0.901591,
      0,
      0,
      1.582841,
      0,
      0,
      -0.775968,
      0,
      -0.406649,
      0,
      34622.628906,
      553.791015,
      -135682.59375,
      1
    ],
    "worldPos": {
      "x": 34622.628906,
      "y": 553.791015,
      "z": -135682.59375
    }
  },
  {
    "mesh": "xwj_破军物件001_004_hd.glb",
    "matrix": [
      0.864959,
      -0.075455,
      0.496134,
      0,
      0.032032,
      0.994916,
      0.095467,
      0,
      -0.500816,
      -0.066683,
      0.86298,
      0,
      16725.734375,
      329.88916,
      -132004.890625,
      1
    ],
    "worldPos": {
      "x": 16725.734375,
      "y": 329.88916,
      "z": -132004.890625
    }
  },
  {
    "mesh": "jz_xb楼兰哨台001_004_hd.glb",
    "matrix": [
      -0.284702,
      0,
      -1.062518,
      0,
      0,
      1.1,
      0,
      0,
      1.062518,
      0,
      -0.284702,
      0,
      25905.96875,
      -87.613281,
      -118303.835937,
      1
    ],
    "worldPos": {
      "x": 25905.96875,
      "y": -87.613281,
      "z": -118303.835937
    }
  },
  {
    "mesh": "wj_圆木桶堆001_hd.glb",
    "matrix": [
      0.224664,
      -0.0097,
      0.871452,
      0,
      0.038823,
      0.899162,
      0,
      0,
      -0.870641,
      0.037592,
      0.224874,
      0,
      16413.804687,
      346.65039,
      -122198.8125,
      1
    ],
    "worldPos": {
      "x": 16413.804687,
      "y": 346.65039,
      "z": -122198.8125
    }
  },
  {
    "mesh": "wj_圆水木桶004_hd.glb",
    "matrix": [
      0.952931,
      -0.041145,
      0.300378,
      0,
      0.043137,
      0.999069,
      0,
      0,
      -0.300099,
      0.012957,
      0.953819,
      0,
      14230.28125,
      864.857727,
      -121874.992187,
      1
    ],
    "worldPos": {
      "x": 14230.28125,
      "y": 864.857727,
      "z": -121874.992187
    }
  },
  {
    "mesh": "st_xb龙门荒漠石001_011_hd.glb",
    "matrix": [
      -0.458252,
      -0.042311,
      -3.749671,
      0,
      -0.371951,
      2.870334,
      0.01307,
      0,
      3.718273,
      0.48392,
      -0.459973,
      0,
      36327.847656,
      9467.857421,
      -131441.5,
      1
    ],
    "worldPos": {
      "x": 36327.847656,
      "y": 9467.857421,
      "z": -131441.5
    }
  },
  {
    "mesh": "st_xb龙门荒漠石001_004_hd.glb",
    "matrix": [
      -0.374714,
      0,
      1.415337,
      0,
      0,
      1.4641,
      0,
      0,
      -1.415337,
      0,
      -0.374714,
      0,
      35807.984375,
      -276.201171,
      -114133.179687,
      1
    ],
    "worldPos": {
      "x": 35807.984375,
      "y": -276.201171,
      "z": -114133.179687
    }
  },
  {
    "mesh": "jz_xb楼兰哨台001_007_hd.glb",
    "matrix": [
      0.420692,
      0.057922,
      0.070462,
      0,
      -0.057126,
      0.426552,
      -0.009567,
      0,
      -0.071109,
      -0.000001,
      0.424553,
      0,
      42399.867187,
      926.016113,
      -123381.296875,
      1
    ],
    "worldPos": {
      "x": 42399.867187,
      "y": 926.016113,
      "z": -123381.296875
    }
  },
  {
    "mesh": "cq_玉门关城墙001_008_hd.glb",
    "matrix": [
      -0.145146,
      0,
      -1.090392,
      0,
      0,
      1.1,
      0,
      0,
      1.090392,
      0,
      -0.145146,
      0,
      5671.11621,
      -692.443847,
      -125436.046875,
      1
    ],
    "worldPos": {
      "x": 5671.11621,
      "y": -692.443847,
      "z": -125436.046875
    }
  },
  {
    "mesh": "jz_xb楼兰哨台001_005_hd.glb",
    "matrix": [
      0.865882,
      -0.018107,
      -0.499918,
      0,
      0.015681,
      0.999835,
      -0.009053,
      0,
      0.5,
      0,
      0.866025,
      0,
      17407.726562,
      29.925781,
      -116009.507812,
      1
    ],
    "worldPos": {
      "x": 17407.726562,
      "y": 29.925781,
      "z": -116009.507812
    }
  },
  {
    "mesh": "wj_药煲_001_hd.glb",
    "matrix": [
      -0.772431,
      0.033531,
      -0.634212,
      0,
      0,
      0.998605,
      0.052797,
      0,
      0.635097,
      0.040782,
      -0.771353,
      0,
      18907.484375,
      231.243164,
      -121197.609375,
      1
    ],
    "worldPos": {
      "x": 18907.484375,
      "y": 231.243164,
      "z": -121197.609375
    }
  },
  {
    "mesh": "cq_玉门关城墙001_007_hd.glb",
    "matrix": [
      0.322179,
      0,
      1.019553,
      0,
      0,
      1,
      0,
      0,
      -0.953525,
      0,
      0.301314,
      0,
      28309.527343,
      2988.59082,
      -134777.671875,
      1
    ],
    "worldPos": {
      "x": 28309.527343,
      "y": 2988.59082,
      "z": -134777.671875
    }
  },
  {
    "mesh": "cq_玉门关城墙001_003_hd.glb",
    "matrix": [
      -0.200278,
      0.067777,
      -1.053402,
      0,
      -0.003682,
      0.99788,
      0.064905,
      0,
      0.982467,
      0.015709,
      -0.185781,
      0,
      7739.890625,
      -923.675292,
      -115253.929687,
      1
    ],
    "worldPos": {
      "x": 7739.890625,
      "y": -923.675292,
      "z": -115253.929687
    }
  },
  {
    "mesh": "st_mj石头002_003_hd.glb",
    "matrix": [
      -0.65547,
      0.010457,
      -0.318884,
      0,
      0.01042,
      0.728924,
      0.002483,
      0,
      0.268165,
      -0.001968,
      -0.547353,
      0,
      43944.511718,
      1022.282226,
      -146328.890625,
      1
    ],
    "worldPos": {
      "x": 43944.511718,
      "y": 1022.282226,
      "z": -146328.890625
    }
  },
  {
    "mesh": "wj_木桌005_002_hd.glb",
    "matrix": [
      0.880155,
      0.005141,
      -0.474657,
      0,
      -0.01218,
      0.999856,
      -0.011756,
      0,
      0.474528,
      0.016128,
      0.880092,
      0,
      15556.6875,
      536.986816,
      -118923.429687,
      1
    ],
    "worldPos": {
      "x": 15556.6875,
      "y": 536.986816,
      "z": -118923.429687
    }
  },
  {
    "mesh": "cq_玉门关城墙001_007_hd.glb",
    "matrix": [
      0.967523,
      0,
      -0.252784,
      0,
      0,
      0.999999,
      0,
      0,
      0.252784,
      0,
      0.967523,
      0,
      32038.738281,
      3117.58789,
      -120885.96875,
      1
    ],
    "worldPos": {
      "x": 32038.738281,
      "y": 3117.58789,
      "z": -120885.96875
    }
  },
  {
    "mesh": "xwj_破军物件001_003_hd.glb",
    "matrix": [
      0.962473,
      -0.092373,
      0.255167,
      0,
      0.063926,
      0.990998,
      0.117627,
      0,
      -0.263735,
      -0.096901,
      0.959714,
      0,
      17423.992187,
      285.779296,
      -131572.609375,
      1
    ],
    "worldPos": {
      "x": 17423.992187,
      "y": 285.779296,
      "z": -131572.609375
    }
  },
  {
    "mesh": "wj_沙包009_01_hd.glb",
    "matrix": [
      -0.658587,
      0,
      0.752503,
      0,
      0,
      1,
      0,
      0,
      -0.752503,
      0,
      -0.658587,
      0,
      18507.171875,
      231.3208,
      -123342.171875,
      1
    ],
    "worldPos": {
      "x": 18507.171875,
      "y": 231.3208,
      "z": -123342.171875
    }
  },
  {
    "mesh": "pj_玉门草棚001_hd.glb",
    "matrix": [
      -0.967405,
      0.006744,
      0.253141,
      0,
      0.024917,
      0.997329,
      0.068651,
      0,
      -0.252002,
      0.072721,
      -0.96499,
      0,
      18578.398437,
      248.166015,
      -121364.257812,
      1
    ],
    "worldPos": {
      "x": 18578.398437,
      "y": 248.166015,
      "z": -121364.257812
    }
  },
  {
    "mesh": "xwj_xb楼兰墓地001_005_hd.glb",
    "matrix": [
      1,
      0,
      0,
      0,
      0,
      1,
      0,
      0,
      0,
      0,
      1,
      0,
      11723.5625,
      781.29541,
      -118326.984375,
      1
    ],
    "worldPos": {
      "x": 11723.5625,
      "y": 781.29541,
      "z": -118326.984375
    }
  },
  {
    "mesh": "wj_壁挂灯笼001_hd.glb",
    "matrix": [
      -0.253146,
      0,
      -0.967427,
      0,
      0,
      0.999999,
      0,
      0,
      0.967427,
      0,
      -0.253146,
      0,
      25044.945312,
      427.818359,
      -121589.8125,
      1
    ],
    "worldPos": {
      "x": 25044.945312,
      "y": 427.818359,
      "z": -121589.8125
    }
  },
  {
    "mesh": "wj_竹帘棚001_hd.glb",
    "matrix": [
      0.788943,
      -0.004887,
      -0.18342,
      0,
      0.00588,
      0.844805,
      0.002783,
      0,
      0.183399,
      -0.003876,
      0.788954,
      0,
      18643.03125,
      244.673339,
      -121158.226562,
      1
    ],
    "worldPos": {
      "x": 18643.03125,
      "y": 244.673339,
      "z": -121158.226562
    }
  },
  {
    "mesh": "wj_货伞_002_hd.glb",
    "matrix": [
      0.965026,
      -0.041667,
      -0.258819,
      0,
      -0.214748,
      0.440601,
      -0.871638,
      0,
      0.150355,
      0.896735,
      0.416244,
      0,
      17481.046875,
      1238.024902,
      -121920.53125,
      1
    ],
    "worldPos": {
      "x": 17481.046875,
      "y": 1238.024902,
      "z": -121920.53125
    }
  },
  {
    "mesh": "jz_xb楼兰哨台001_007_hd.glb",
    "matrix": [
      0.096463,
      -0.002717,
      -0.11496,
      0,
      0.001746,
      0.15007,
      -0.002081,
      0,
      0.114979,
      0,
      0.096478,
      0,
      15462.289062,
      209.044921,
      -129020.046875,
      1
    ],
    "worldPos": {
      "x": 15462.289062,
      "y": 209.044921,
      "z": -129020.046875
    }
  },
  {
    "mesh": "xwj_坛子002_002_hd.glb",
    "matrix": [
      1.412895,
      -0.061005,
      -0.378936,
      0,
      0.063157,
      1.462737,
      0,
      0,
      0.378584,
      -0.016346,
      1.414211,
      0,
      14743.4375,
      427.438476,
      -121732.085937,
      1
    ],
    "worldPos": {
      "x": 14743.4375,
      "y": 427.438476,
      "z": -121732.085937
    }
  },
  {
    "mesh": "wj_mj篝火001_002_hd.glb",
    "matrix": [
      0.99902,
      0.044211,
      -0.001859,
      0,
      -0.04425,
      0.998137,
      -0.041988,
      0,
      0,
      0.042029,
      0.999116,
      0,
      38366.328125,
      343.823242,
      -111467.671875,
      1
    ],
    "worldPos": {
      "x": 38366.328125,
      "y": 343.823242,
      "z": -111467.671875
    }
  },
  {
    "mesh": "wj_mj篝火001_003_hd.glb",
    "matrix": [
      1.746469,
      -0.085598,
      2.832638,
      0,
      0.255443,
      3.318556,
      -0.057211,
      0,
      -2.822398,
      0.24738,
      1.747627,
      0,
      18572.9375,
      1519.699218,
      -142696.21875,
      1
    ],
    "worldPos": {
      "x": 18572.9375,
      "y": 1519.699218,
      "z": -142696.21875
    }
  },
  {
    "mesh": "wj_mj篝火001_003_hd.glb",
    "matrix": [
      1.146528,
      0.032338,
      1.858653,
      0,
      0.009593,
      2.183612,
      -0.043909,
      0,
      -1.858911,
      0.031213,
      1.146141,
      0,
      19330.632812,
      1512.103515,
      -143430.03125,
      1
    ],
    "worldPos": {
      "x": 19330.632812,
      "y": 1512.103515,
      "z": -143430.03125
    }
  },
  {
    "mesh": "st_mj石头002_002_hd.glb",
    "matrix": [
      0.492995,
      -0.020012,
      0.344903,
      0,
      0.011792,
      0.601613,
      0.018052,
      0,
      -0.345282,
      -0.008027,
      0.493071,
      0,
      26429.226562,
      434.095703,
      -109893.484375,
      1
    ],
    "worldPos": {
      "x": 26429.226562,
      "y": 434.095703,
      "z": -109893.484375
    }
  },
  {
    "mesh": "wj_物什箱014_002_hd.glb",
    "matrix": [
      -0.256631,
      0.01108,
      -1.752837,
      0,
      0.076421,
      1.769912,
      0,
      0,
      1.751206,
      -0.075613,
      -0.25687,
      0,
      17388.5625,
      1166.488769,
      -122062.101562,
      1
    ],
    "worldPos": {
      "x": 17388.5625,
      "y": 1166.488769,
      "z": -122062.101562
    }
  },
  {
    "mesh": "xwj_赌桌002_002_hd.glb",
    "matrix": [
      0.253146,
      0,
      0.967427,
      0,
      0,
      0.999999,
      0,
      0,
      -0.967427,
      0,
      0.253146,
      0,
      25573.191406,
      245.899414,
      -123080.328125,
      1
    ],
    "worldPos": {
      "x": 25573.191406,
      "y": 245.899414,
      "z": -123080.328125
    }
  },
  {
    "mesh": "st_xb龙门荒漠石001_012_hd.glb",
    "matrix": [
      -0.953437,
      0.071677,
      0.29295,
      0,
      0.058182,
      0.996815,
      -0.054536,
      0,
      -0.295926,
      -0.034952,
      -0.954571,
      0,
      24712.296875,
      414.64746,
      -106305.492187,
      1
    ],
    "worldPos": {
      "x": 24712.296875,
      "y": 414.64746,
      "z": -106305.492187
    }
  },
  {
    "mesh": "wj_壁挂灯笼001_hd.glb",
    "matrix": [
      -0.253146,
      0,
      -0.967427,
      0,
      0,
      0.999999,
      0,
      0,
      0.967427,
      0,
      -0.253146,
      0,
      24844.742187,
      427.818359,
      -122354.914062,
      1
    ],
    "worldPos": {
      "x": 24844.742187,
      "y": 427.818359,
      "z": -122354.914062
    }
  },
  {
    "mesh": "jz_xb楼兰哨台001_007_hd.glb",
    "matrix": [
      0.063289,
      -0.001783,
      -0.075425,
      0,
      0.001146,
      0.09846,
      -0.001365,
      0,
      0.075437,
      0,
      0.063299,
      0,
      14938.171875,
      228.591308,
      -129980.007812,
      1
    ],
    "worldPos": {
      "x": 14938.171875,
      "y": 228.591308,
      "z": -129980.007812
    }
  },
  {
    "mesh": "wj_mj篝火001_003_hd.glb",
    "matrix": [
      1.555259,
      -0.206347,
      -2.554707,
      0,
      0.296225,
      2.9827,
      -0.06058,
      0,
      2.545848,
      -0.220998,
      1.567712,
      0,
      18572.742187,
      1534.963867,
      -143371.28125,
      1
    ],
    "worldPos": {
      "x": 18572.742187,
      "y": 1534.963867,
      "z": -143371.28125
    }
  },
  {
    "mesh": "cq_玉门关城墙001_008_hd.glb",
    "matrix": [
      0.965925,
      0,
      -0.258819,
      0,
      0,
      1,
      0,
      0,
      0.258819,
      0,
      0.965925,
      0,
      20468.148437,
      325.942382,
      -134442.34375,
      1
    ],
    "worldPos": {
      "x": 20468.148437,
      "y": 325.942382,
      "z": -134442.34375
    }
  },
  {
    "mesh": "jz_xb玉门关建筑002_006_hd.glb",
    "matrix": [
      0.258819,
      0,
      0.965925,
      0,
      0,
      1,
      0,
      0,
      -0.965925,
      0,
      0.258819,
      0,
      24615.390625,
      227.379882,
      -124296.648437,
      1
    ],
    "worldPos": {
      "x": 24615.390625,
      "y": 227.379882,
      "z": -124296.648437
    }
  },
  {
    "mesh": "jz_xb玉门关建筑002_003_hd.glb",
    "matrix": [
      0.965925,
      0,
      -0.258819,
      0,
      0,
      1,
      0,
      0,
      0.258819,
      0,
      0.965925,
      0,
      15316.382812,
      219.765014,
      -127614.914062,
      1
    ],
    "worldPos": {
      "x": 15316.382812,
      "y": 219.765014,
      "z": -127614.914062
    }
  },
  {
    "mesh": "wj_sn茅草房001_001_hd.glb",
    "matrix": [
      0.965026,
      -0.041667,
      -0.258819,
      0,
      0.043137,
      0.999069,
      0,
      0,
      0.258578,
      -0.011164,
      0.965925,
      0,
      16962.195312,
      331.96582,
      -122376.796875,
      1
    ],
    "worldPos": {
      "x": 16962.195312,
      "y": 331.96582,
      "z": -122376.796875
    }
  },
  {
    "mesh": "wj_沙包009_01_hd.glb",
    "matrix": [
      0.965026,
      -0.041667,
      -0.258819,
      0,
      0.043137,
      0.999069,
      0,
      0,
      0.258578,
      -0.011164,
      0.965925,
      0,
      14526.9375,
      437.113281,
      -120794.4375,
      1
    ],
    "worldPos": {
      "x": 14526.9375,
      "y": 437.113281,
      "z": -120794.4375
    }
  },
  {
    "mesh": "st_mj戈壁碎石003_002_hd.glb",
    "matrix": [
      -0.537431,
      -0.05124,
      -0.13269,
      0,
      -0.05041,
      0.553563,
      -0.00959,
      0,
      0.133008,
      0.00276,
      -0.539784,
      0,
      43856.433593,
      2087.339355,
      -139165.53125,
      1
    ],
    "worldPos": {
      "x": 43856.433593,
      "y": 2087.339355,
      "z": -139165.53125
    }
  },
  {
    "mesh": "st_xb龙门荒漠石001_012_hd.glb",
    "matrix": [
      1.460905,
      0.296916,
      -1.311256,
      0,
      -0.041808,
      1.373776,
      0.264493,
      0,
      1.43884,
      -0.253779,
      1.545569,
      0,
      12210.484375,
      346.056152,
      -110026.203125,
      1
    ],
    "worldPos": {
      "x": 12210.484375,
      "y": 346.056152,
      "z": -110026.203125
    }
  },
  {
    "mesh": "cq_玉门关城墙001_001_hd.glb",
    "matrix": [
      0.965925,
      0,
      -0.258819,
      0,
      0,
      1,
      0,
      0,
      0.258819,
      0,
      0.965925,
      0,
      17456.328125,
      271.466308,
      -133636.65625,
      1
    ],
    "worldPos": {
      "x": 17456.328125,
      "y": 271.466308,
      "z": -133636.65625
    }
  },
  {
    "mesh": "wj_木箱堆002_hd.glb",
    "matrix": [
      0.864494,
      0,
      -0.502646,
      0,
      0,
      1.372196,
      0,
      0,
      0.502646,
      0,
      0.864494,
      0,
      24797.695312,
      339.58789,
      -123173.9375,
      1
    ],
    "worldPos": {
      "x": 24797.695312,
      "y": 339.58789,
      "z": -123173.9375
    }
  },
  {
    "mesh": "wj_erg笔架002_hd.glb",
    "matrix": [
      0.783616,
      0,
      -0.205048,
      0,
      0,
      0.809999,
      0,
      0,
      0.205048,
      0,
      0.783616,
      0,
      24879.679687,
      307.634765,
      -122579.765625,
      1
    ],
    "worldPos": {
      "x": 24879.679687,
      "y": 307.634765,
      "z": -122579.765625
    }
  },
  {
    "mesh": "wj_小药瓶_002_hd.glb",
    "matrix": [
      0.965026,
      -0.041667,
      -0.258819,
      0,
      0.043137,
      0.999069,
      0,
      0,
      0.258578,
      -0.011164,
      0.965925,
      0,
      15900.070312,
      442.481933,
      -122194.03125,
      1
    ],
    "worldPos": {
      "x": 15900.070312,
      "y": 442.481933,
      "z": -122194.03125
    }
  },
  {
    "mesh": "pj_玉门布棚001_hd.glb",
    "matrix": [
      0.97721,
      -0.011505,
      -0.211962,
      0,
      0,
      0.998529,
      -0.054202,
      0,
      0.212274,
      0.052967,
      0.975774,
      0,
      16726.25,
      283.46289,
      -128474.65625,
      1
    ],
    "worldPos": {
      "x": 16726.25,
      "y": 283.46289,
      "z": -128474.65625
    }
  },
  {
    "mesh": "wj_木桌005_002_hd.glb",
    "matrix": [
      0.841243,
      0.018794,
      0.540329,
      0,
      0,
      0.999395,
      -0.034761,
      0,
      -0.540656,
      0.029243,
      0.840734,
      0,
      16434.210937,
      446.962402,
      -120306.078125,
      1
    ],
    "worldPos": {
      "x": 16434.210937,
      "y": 446.962402,
      "z": -120306.078125
    }
  },
  {
    "mesh": "wj_破车001_002_hd.glb",
    "matrix": [
      1.078514,
      0.058506,
      0.362149,
      0,
      -0.072321,
      1.136456,
      0.031779,
      0,
      -0.359645,
      -0.053077,
      1.079632,
      0,
      18207.46875,
      270.061035,
      -122149.429687,
      1
    ],
    "worldPos": {
      "x": 18207.46875,
      "y": 270.061035,
      "z": -122149.429687
    }
  },
  {
    "mesh": "wj_货包包001_001_hd.glb",
    "matrix": [
      0.965026,
      -0.041667,
      -0.258819,
      0,
      0.043137,
      0.999069,
      0,
      0,
      0.258578,
      -0.011164,
      0.965925,
      0,
      17326.570312,
      1294.626464,
      -122665.242187,
      1
    ],
    "worldPos": {
      "x": 17326.570312,
      "y": 1294.626464,
      "z": -122665.242187
    }
  },
  {
    "mesh": "jz_xb楼兰哨台001_001_hd.glb",
    "matrix": [
      0.202468,
      0,
      0.979288,
      0,
      0,
      1,
      0,
      0,
      -0.979288,
      0,
      0.202468,
      0,
      22693.808593,
      75.543457,
      -117464.90625,
      1
    ],
    "worldPos": {
      "x": 22693.808593,
      "y": 75.543457,
      "z": -117464.90625
    }
  },
  {
    "mesh": "wj_壁挂灯笼001_hd.glb",
    "matrix": [
      0.253146,
      0,
      0.967427,
      0,
      0,
      0.999999,
      0,
      0,
      -0.967427,
      0,
      0.253146,
      0,
      26066.070312,
      614.079589,
      -122035.828125,
      1
    ],
    "worldPos": {
      "x": 26066.070312,
      "y": 614.079589,
      "z": -122035.828125
    }
  },
  {
    "mesh": "jz_xb楼兰哨台001_007_hd.glb",
    "matrix": [
      -0.010843,
      0.060663,
      -0.334337,
      0,
      -0.027597,
      0.333245,
      0.06136,
      0,
      0.338673,
      0.029097,
      -0.005704,
      0,
      7563.5625,
      60.558105,
      -128336.382812,
      1
    ],
    "worldPos": {
      "x": 7563.5625,
      "y": 60.558105,
      "z": -128336.382812
    }
  },
  {
    "mesh": "wj_沙包009_01_hd.glb",
    "matrix": [
      -0.412795,
      0,
      0.910823,
      0,
      0,
      1,
      0,
      0,
      -0.910823,
      0,
      -0.412795,
      0,
      14388.507812,
      564.553222,
      -118272.335937,
      1
    ],
    "worldPos": {
      "x": 14388.507812,
      "y": 564.553222,
      "z": -118272.335937
    }
  },
  {
    "mesh": "xwj_xb楼兰墓地001_004_hd.glb",
    "matrix": [
      0.422617,
      -0.234569,
      -0.875426,
      0,
      0,
      0.965925,
      -0.258819,
      0,
      0.906307,
      0.109381,
      0.408217,
      0,
      8614.507812,
      228.540039,
      -119494.414062,
      1
    ],
    "worldPos": {
      "x": 8614.507812,
      "y": 228.540039,
      "z": -119494.414062
    }
  },
  {
    "mesh": "cq_玉门关城墙001_003_hd.glb",
    "matrix": [
      0.839003,
      0,
      -0.209889,
      0,
      0,
      1,
      0,
      0,
      0.242687,
      0,
      0.970102,
      0,
      8277.21582,
      141.367919,
      -131165.21875,
      1
    ],
    "worldPos": {
      "x": 8277.21582,
      "y": 141.367919,
      "z": -131165.21875
    }
  },
  {
    "mesh": "xwj_斗笠001_hd.glb",
    "matrix": [
      0.611013,
      0.06534,
      -0.788918,
      0,
      -0.791049,
      0.012583,
      -0.611622,
      0,
      -0.030036,
      0.997783,
      0.059376,
      0,
      18634.8125,
      303.966796,
      -121139.96875,
      1
    ],
    "worldPos": {
      "x": 18634.8125,
      "y": 303.966796,
      "z": -121139.96875
    }
  },
  {
    "mesh": "xwj_扬州路灯002_005a_hd.glb",
    "matrix": [
      0.778378,
      0,
      -0.224123,
      0,
      0,
      0.809999,
      0,
      0,
      0.224123,
      0,
      0.778378,
      0,
      25283.882812,
      651.480957,
      -122945.148437,
      1
    ],
    "worldPos": {
      "x": 25283.882812,
      "y": 651.480957,
      "z": -122945.148437
    }
  },
  {
    "mesh": "xwj_xb楼兰墓地001_004_hd.glb",
    "matrix": [
      0.898129,
      0.428074,
      0.100573,
      0,
      -0.375421,
      0.865544,
      -0.331499,
      0,
      -0.228957,
      0.259971,
      0.938079,
      0,
      8862.328125,
      208.34082,
      -119630.976562,
      1
    ],
    "worldPos": {
      "x": 8862.328125,
      "y": 208.34082,
      "z": -119630.976562
    }
  },
  {
    "mesh": "sd_崖壁狱门fb_001_hd.glb",
    "matrix": [
      0.115143,
      0.069493,
      1.276706,
      0,
      -0.033732,
      1.600523,
      -0.084081,
      0,
      -1.14009,
      -0.01857,
      0.103832,
      0,
      35706.695312,
      -1933.457763,
      -120793.054687,
      1
    ],
    "worldPos": {
      "x": 35706.695312,
      "y": -1933.457763,
      "z": -120793.054687
    }
  },
  {
    "mesh": "st_mj石拱002_hd.glb",
    "matrix": [
      -0.384791,
      0,
      1.910351,
      0,
      0,
      1.948717,
      0,
      0,
      -1.910351,
      0,
      -0.384791,
      0,
      41394.175781,
      1516.883789,
      -137327.34375,
      1
    ],
    "worldPos": {
      "x": 41394.175781,
      "y": 1516.883789,
      "z": -137327.34375
    }
  },
  {
    "mesh": "xwj_赌桌002_002_hd.glb",
    "matrix": [
      0.253146,
      0,
      0.967427,
      0,
      0,
      0.999999,
      0,
      0,
      -0.967427,
      0,
      0.253146,
      0,
      25791.828125,
      245.899414,
      -122244.789062,
      1
    ],
    "worldPos": {
      "x": 25791.828125,
      "y": 245.899414,
      "z": -122244.789062
    }
  },
  {
    "mesh": "wj_烹饪灶台001_001_hd.glb",
    "matrix": [
      0.868523,
      -0.037501,
      -0.232937,
      0,
      0.038823,
      0.899162,
      0,
      0,
      0.23272,
      -0.010048,
      0.869333,
      0,
      15790.476562,
      391.044433,
      -122182.828125,
      1
    ],
    "worldPos": {
      "x": 15790.476562,
      "y": 391.044433,
      "z": -122182.828125
    }
  },
  {
    "mesh": "wj_桌子002_001_hd.glb",
    "matrix": [
      0.407694,
      0,
      1.558052,
      0,
      -0.245571,
      5.759436589869438e-7,
      0.064258,
      0,
      0,
      -1.610454,
      0,
      0,
      25925.234375,
      580.005859,
      -122778.46875,
      1
    ],
    "worldPos": {
      "x": 25925.234375,
      "y": 580.005859,
      "z": -122778.46875
    }
  },
  {
    "mesh": "cq_玉门关城墙001_005_hd.glb",
    "matrix": [
      -0.292932,
      0,
      -1.093235,
      0,
      0,
      1.062838,
      0,
      0,
      1.062517,
      0,
      -0.284701,
      0,
      28594.125,
      -288.943359,
      -127351.65625,
      1
    ],
    "worldPos": {
      "x": 28594.125,
      "y": -288.943359,
      "z": -127351.65625
    }
  },
  {
    "mesh": "xwj_ca柜子003_004_hd.glb",
    "matrix": [
      0.495055,
      0,
      -0.12954,
      0,
      0,
      0.728999,
      0,
      0,
      0.216841,
      0,
      0.828683,
      0,
      25138.3125,
      237.564453,
      -122603.609375,
      1
    ],
    "worldPos": {
      "x": 25138.3125,
      "y": 237.564453,
      "z": -122603.609375
    }
  },
  {
    "mesh": "st_mj戈壁碎石002_002_hd.glb",
    "matrix": [
      1.007159,
      -0.025446,
      1.001563,
      0,
      0.115591,
      1.413624,
      -0.080321,
      0,
      -0.995196,
      0.138439,
      1.004274,
      0,
      40365.296875,
      4700.83496,
      -146405.03125,
      1
    ],
    "worldPos": {
      "x": 40365.296875,
      "y": 4700.83496,
      "z": -146405.03125
    }
  },
  {
    "mesh": "wj_sn茅草房001_012_hd.glb",
    "matrix": [
      -0.024133,
      0.001042,
      -1.330794,
      0,
      0.057416,
      1.329761,
      0,
      0,
      1.329555,
      -0.057407,
      -0.024156,
      0,
      15473.164062,
      396.253417,
      -121976.53125,
      1
    ],
    "worldPos": {
      "x": 15473.164062,
      "y": 396.253417,
      "z": -121976.53125
    }
  },
  {
    "mesh": "jz_xb玉门关建筑002_005sw_hd.glb",
    "matrix": [
      0.965026,
      -0.041667,
      -0.258819,
      0,
      0.043137,
      0.999069,
      0,
      0,
      0.258578,
      -0.011164,
      0.965925,
      0,
      16390.9375,
      344.407226,
      -121989.078125,
      1
    ],
    "worldPos": {
      "x": 16390.9375,
      "y": 344.407226,
      "z": -121989.078125
    }
  },
  {
    "mesh": "jz_xb玉门关建筑001_003sw_hd.glb",
    "matrix": [
      0.253146,
      0,
      0.967427,
      0,
      0,
      1,
      0,
      0,
      -0.967427,
      0,
      0.253146,
      0,
      25403.867187,
      227.830078,
      -122243.078125,
      1
    ],
    "worldPos": {
      "x": 25403.867187,
      "y": 227.830078,
      "z": -122243.078125
    }
  },
  {
    "mesh": "jz_xb玉门关建筑001_004_hd.glb",
    "matrix": [
      -0.173647,
      0,
      -0.984807,
      0,
      0,
      1,
      0,
      0,
      0.984807,
      0,
      -0.173647,
      0,
      13252.671875,
      465.182617,
      -119186.890625,
      1
    ],
    "worldPos": {
      "x": 13252.671875,
      "y": 465.182617,
      "z": -119186.890625
    }
  },
  {
    "mesh": "cq_玉门关城墙001_008_hd.glb",
    "matrix": [
      0.965925,
      0,
      -0.258819,
      0,
      0,
      1,
      0,
      0,
      0.258819,
      0,
      0.965925,
      0,
      10157.993164,
      310.361816,
      -131602.8125,
      1
    ],
    "worldPos": {
      "x": 10157.993164,
      "y": 310.361816,
      "z": -131602.8125
    }
  },
  {
    "mesh": "st_mj戈壁碎石003_005_hd.glb",
    "matrix": [
      -0.052613,
      -0.079629,
      -1.327576,
      0,
      -0.243583,
      1.306715,
      -0.068724,
      0,
      1.307465,
      0.24024,
      -0.066225,
      0,
      40484.410156,
      7239.199218,
      -143695.078125,
      1
    ],
    "worldPos": {
      "x": 40484.410156,
      "y": 7239.199218,
      "z": -143695.078125
    }
  },
  {
    "mesh": "wj_erg纸张001_hd.glb",
    "matrix": [
      0.967427,
      0,
      -0.253146,
      0,
      0,
      0.999999,
      0,
      0,
      0.253146,
      0,
      0.967427,
      0,
      24942.335937,
      287.27832,
      -122487.59375,
      1
    ],
    "worldPos": {
      "x": 24942.335937,
      "y": 287.27832,
      "z": -122487.59375
    }
  },
  {
    "mesh": "wj_mj篝火001_003_hd.glb",
    "matrix": [
      -3.05212,
      0.052678,
      1.30125,
      0,
      0.0993,
      3.315395,
      0.098693,
      0,
      -1.298524,
      0.129713,
      -3.050966,
      0,
      19004.125,
      1517.492675,
      -142621.078125,
      1
    ],
    "worldPos": {
      "x": 19004.125,
      "y": 1517.492675,
      "z": -142621.078125
    }
  },
  {
    "mesh": "jz_xb玉门关建筑001_004_hd.glb",
    "matrix": [
      0.258819,
      0,
      0.965925,
      0,
      0,
      1,
      0,
      0,
      -0.965925,
      0,
      0.258819,
      0,
      23464.960937,
      260.363037,
      -129095.703125,
      1
    ],
    "worldPos": {
      "x": 23464.960937,
      "y": 260.363037,
      "z": -129095.703125
    }
  },
  {
    "mesh": "wj_木箱004_001_hd.glb",
    "matrix": [
      1,
      0,
      0,
      0,
      0,
      1,
      0,
      0,
      0,
      0,
      1,
      0,
      38593.421875,
      294.760253,
      -112285.1875,
      1
    ],
    "worldPos": {
      "x": 38593.421875,
      "y": 294.760253,
      "z": -112285.1875
    }
  },
  {
    "mesh": "cq_玉门关城墙001_008_hd.glb",
    "matrix": [
      1.062518,
      0,
      -0.2847,
      0,
      0,
      1.1,
      0,
      0,
      0.2847,
      0,
      1.062518,
      0,
      14364.703125,
      126.327148,
      -132728.5,
      1
    ],
    "worldPos": {
      "x": 14364.703125,
      "y": 126.327148,
      "z": -132728.5
    }
  },
  {
    "mesh": "jz_xb楼兰哨台001_007_hd.glb",
    "matrix": [
      0.147025,
      -0.004142,
      -0.175217,
      0,
      0.002662,
      0.22873,
      -0.003173,
      0,
      0.175246,
      0,
      0.147049,
      0,
      25628.515625,
      232.995117,
      -120871.46875,
      1
    ],
    "worldPos": {
      "x": 25628.515625,
      "y": 232.995117,
      "z": -120871.46875
    }
  },
  {
    "mesh": "cq_玉门关城墙001_007_hd.glb",
    "matrix": [
      0.265128,
      0,
      0.76538,
      0,
      0,
      0.809999,
      0,
      0,
      -0.76538,
      0,
      0.265128,
      0,
      4476.71582,
      3084.378417,
      -130254.53125,
      1
    ],
    "worldPos": {
      "x": 4476.71582,
      "y": 3084.378417,
      "z": -130254.53125
    }
  },
  {
    "mesh": "xwj_竹筐008_001_hd.glb",
    "matrix": [
      0.965026,
      -0.041667,
      -0.258819,
      0,
      0.043137,
      0.999069,
      0,
      0,
      0.258578,
      -0.011164,
      0.965925,
      0,
      17097.6875,
      326.117675,
      -122312.445312,
      1
    ],
    "worldPos": {
      "x": 17097.6875,
      "y": 326.117675,
      "z": -122312.445312
    }
  },
  {
    "mesh": "wj_火堆001_003_hd.glb",
    "matrix": [
      -0.234107,
      0.009475,
      1.358362,
      0,
      0.048476,
      1.197628,
      0,
      0,
      -1.357251,
      0.054937,
      -0.234299,
      0,
      18909.765625,
      1526.985839,
      -143113.671875,
      1
    ],
    "worldPos": {
      "x": 18909.765625,
      "y": 1526.985839,
      "z": -143113.671875
    }
  },
  {
    "mesh": "wj_木箱002_hd.glb",
    "matrix": [
      0.60773,
      -0.02624,
      1.183864,
      0,
      0.057416,
      1.329761,
      0,
      0,
      -1.182762,
      0.051069,
      0.608297,
      0,
      17353.15625,
      1172.554687,
      -122247.71875,
      1
    ],
    "worldPos": {
      "x": 17353.15625,
      "y": 1172.554687,
      "z": -122247.71875
    }
  },
  {
    "mesh": "wj_木箱001_hd.glb",
    "matrix": [
      1.186763,
      0,
      -0.602616,
      0,
      0,
      1.128999,
      0,
      0,
      0.602616,
      0,
      1.186763,
      0,
      24993.582031,
      338.339843,
      -123231.148437,
      1
    ],
    "worldPos": {
      "x": 24993.582031,
      "y": 338.339843,
      "z": -123231.148437
    }
  },
  {
    "mesh": "xwj_xb楼兰墓地001_005_hd.glb",
    "matrix": [
      0.43276,
      -0.025972,
      0.901134,
      0,
      0.056215,
      0.998417,
      0.001779,
      0,
      -0.899754,
      0.049887,
      0.433535,
      0,
      12039.046875,
      748.504394,
      -118510.53125,
      1
    ],
    "worldPos": {
      "x": 12039.046875,
      "y": 748.504394,
      "z": -118510.53125
    }
  },
  {
    "mesh": "wj_破草席002_hd.glb",
    "matrix": [
      0.965026,
      -0.041667,
      -0.258819,
      0,
      0.043137,
      0.999069,
      0,
      0,
      0.258578,
      -0.011164,
      0.965925,
      0,
      14891.09375,
      421.382324,
      -121485.929687,
      1
    ],
    "worldPos": {
      "x": 14891.09375,
      "y": 421.382324,
      "z": -121485.929687
    }
  },
  {
    "mesh": "wj_烹饪水岗001_002_hd.glb",
    "matrix": [
      0.965026,
      -0.041667,
      -0.258819,
      0,
      0.043137,
      0.999069,
      0,
      0,
      0.258578,
      -0.011164,
      0.965925,
      0,
      14561.03125,
      435.6333,
      -121566.515625,
      1
    ],
    "worldPos": {
      "x": 14561.03125,
      "y": 435.6333,
      "z": -121566.515625
    }
  },
  {
    "mesh": "jz_xb楼兰哨台001_004_hd.glb",
    "matrix": [
      -0.464597,
      0.426498,
      -0.50828,
      0,
      0,
      0.620496,
      0.520658,
      0,
      0.663513,
      0.298637,
      -0.355902,
      0,
      8633.78125,
      -666.447265,
      -121579.710937,
      1
    ],
    "worldPos": {
      "x": 8633.78125,
      "y": -666.447265,
      "z": -121579.710937
    }
  },
  {
    "mesh": "wj_货包包001_001_hd.glb",
    "matrix": [
      0.965026,
      -0.041667,
      -0.258819,
      0,
      0.043137,
      0.999069,
      0,
      0,
      0.258578,
      -0.011164,
      0.965925,
      0,
      17324.578125,
      1180.669921,
      -122619.453125,
      1
    ],
    "worldPos": {
      "x": 17324.578125,
      "y": 1180.669921,
      "z": -122619.453125
    }
  },
  {
    "mesh": "cq_玉门关城墙001_003_hd.glb",
    "matrix": [
      -0.241639,
      0,
      -0.970366,
      0,
      0,
      1,
      0,
      0,
      0.970366,
      0,
      -0.241639,
      0,
      6817.984375,
      -730.45996,
      -119473.179687,
      1
    ],
    "worldPos": {
      "x": 6817.984375,
      "y": -730.45996,
      "z": -119473.179687
    }
  },
  {
    "mesh": "cq_玉门关城墙001_003_hd.glb",
    "matrix": [
      0.965925,
      0,
      -0.258819,
      0,
      0,
      1,
      0,
      0,
      0.258819,
      0,
      0.965925,
      0,
      12270.70996,
      216.178421,
      -132192.75,
      1
    ],
    "worldPos": {
      "x": 12270.70996,
      "y": 216.178421,
      "z": -132192.75
    }
  },
  {
    "mesh": "st_mj石头003_003_hd.glb",
    "matrix": [
      1.361811,
      0,
      -0.452313,
      0,
      0,
      1.653658,
      0,
      0,
      0.452313,
      0,
      1.361811,
      0,
      29547.453125,
      -1736.23291,
      -144070.8125,
      1
    ],
    "worldPos": {
      "x": 29547.453125,
      "y": -1736.23291,
      "z": -144070.8125
    }
  },
  {
    "mesh": "sd_崖壁狱门fb_001_hd.glb",
    "matrix": [
      -0.635353,
      -0.096831,
      -1.111279,
      0,
      0.196044,
      1.571467,
      -0.249015,
      0,
      0.991497,
      -0.210609,
      -0.548518,
      0,
      34279.964843,
      -4079.720947,
      -127788.234375,
      1
    ],
    "worldPos": {
      "x": 34279.964843,
      "y": -4079.720947,
      "z": -127788.234375
    }
  },
  {
    "mesh": "wj_sn茅草房001_012_hd.glb",
    "matrix": [
      0.949795,
      -0.04101,
      -0.931555,
      0,
      0.057416,
      1.329761,
      0,
      0,
      0.930688,
      -0.040185,
      0.95068,
      0,
      15960.789062,
      375.19873,
      -122107.546875,
      1
    ],
    "worldPos": {
      "x": 15960.789062,
      "y": 375.19873,
      "z": -122107.546875
    }
  },
  {
    "mesh": "wj_木头架子_016_001_hd.glb",
    "matrix": [
      -0.24317,
      0.010499,
      -0.969925,
      0,
      0.043137,
      0.999069,
      0,
      0,
      0.969022,
      -0.04184,
      -0.243397,
      0,
      14642.0625,
      432.134765,
      -121318.90625,
      1
    ],
    "worldPos": {
      "x": 14642.0625,
      "y": 432.134765,
      "z": -121318.90625
    }
  },
  {
    "mesh": "jz_xb楼兰哨台001_001_hd.glb",
    "matrix": [
      -0.25882,
      0,
      -0.965926,
      0,
      0,
      1,
      0,
      0,
      0.965926,
      0,
      -0.25882,
      0,
      29217.445312,
      77.257812,
      -119275.21875,
      1
    ],
    "worldPos": {
      "x": 29217.445312,
      "y": 77.257812,
      "z": -119275.21875
    }
  },
  {
    "mesh": "jz_xb楼兰哨台001_007_hd.glb",
    "matrix": [
      0.642682,
      -0.018107,
      -0.765918,
      0,
      0.011639,
      0.999836,
      -0.013871,
      0,
      0.766045,
      0,
      0.642787,
      0,
      25593.753906,
      308.118652,
      -131755.875,
      1
    ],
    "worldPos": {
      "x": 25593.753906,
      "y": 308.118652,
      "z": -131755.875
    }
  },
  {
    "mesh": "cq_玉门关城墙001_008_hd.glb",
    "matrix": [
      -0.145146,
      0,
      -1.090392,
      0,
      0,
      1.1,
      0,
      0,
      1.090392,
      0,
      -0.145146,
      0,
      7347.8125,
      -630.125976,
      -117301.109375,
      1
    ],
    "worldPos": {
      "x": 7347.8125,
      "y": -630.125976,
      "z": -117301.109375
    }
  },
  {
    "mesh": "wj_沙包009_01_hd.glb",
    "matrix": [
      -0.587103,
      0.223598,
      -0.778018,
      0,
      0.116399,
      0.974426,
      0.192207,
      0,
      0.801099,
      0.022284,
      -0.598116,
      0,
      14705.375,
      622.77832,
      -118024.851562,
      1
    ],
    "worldPos": {
      "x": 14705.375,
      "y": 622.77832,
      "z": -118024.851562
    }
  },
  {
    "mesh": "jz_xb楼兰哨台001_007_hd.glb",
    "matrix": [
      0.004203,
      0.011275,
      -0.097738,
      0,
      -0.016086,
      0.09659,
      0.010451,
      0,
      0.097063,
      0.01552,
      0.005965,
      0,
      15229.375,
      203.593261,
      -129126.867187,
      1
    ],
    "worldPos": {
      "x": 15229.375,
      "y": 203.593261,
      "z": -129126.867187
    }
  },
  {
    "mesh": "wj_小木台001_hd.glb",
    "matrix": [
      0.938716,
      0.018198,
      -0.344209,
      0,
      0,
      0.998605,
      0.052797,
      0,
      0.34469,
      -0.049561,
      0.937407,
      0,
      18664.507812,
      241.380859,
      -121178.382812,
      1
    ],
    "worldPos": {
      "x": 18664.507812,
      "y": 241.380859,
      "z": -121178.382812
    }
  },
  {
    "mesh": "wj_酒坛006_001_hd.glb",
    "matrix": [
      1.412895,
      -0.061005,
      -0.378936,
      0,
      0.063157,
      1.462737,
      0,
      0,
      0.378584,
      -0.016346,
      1.414211,
      0,
      14560.914062,
      435.646484,
      -121696.203125,
      1
    ],
    "worldPos": {
      "x": 14560.914062,
      "y": 435.646484,
      "z": -121696.203125
    }
  },
  {
    "mesh": "cq_玉门关城墙001_008_hd.glb",
    "matrix": [
      -0.145146,
      0,
      -1.090392,
      0,
      0,
      1.1,
      0,
      0,
      1.090392,
      0,
      -0.145146,
